1.344899e-001	3.141593e+000
1.326528e-001	3.141593e+000
1.313340e-001	3.141593e+000
1.304736e-001	3.141593e+000
1.300121e-001	3.141593e+000
1.298897e-001	3.141593e+000
1.300468e-001	3.141593e+000
1.304236e-001	3.141593e+000
1.309605e-001	3.141593e+000
1.315978e-001	3.141593e+000
1.322758e-001	3.141593e+000
1.329349e-001	3.141593e+000
1.335245e-001	3.141593e+000
1.340437e-001	3.141593e+000
1.345078e-001	3.141593e+000
1.349320e-001	3.141593e+000
1.353294e-001	3.141593e+000
1.357000e-001	3.141593e+000
1.360389e-001	3.141593e+000
1.363415e-001	3.141593e+000
1.366035e-001	3.141593e+000
1.368240e-001	3.141593e+000
1.370038e-001	3.141593e+000
1.371434e-001	3.141593e+000
1.372433e-001	3.141593e+000
1.373030e-001	3.141593e+000
1.373219e-001	3.141593e+000
1.372990e-001	3.141593e+000
1.372335e-001	3.141593e+000
1.371250e-001	3.141593e+000
1.369730e-001	3.141593e+000
1.367771e-001	3.141593e+000
1.365369e-001	3.141593e+000
1.362519e-001	3.141593e+000
1.359216e-001	3.141593e+000
1.355455e-001	3.141593e+000
1.351232e-001	3.141593e+000
1.346540e-001	3.141593e+000
1.341377e-001	3.141593e+000
1.335737e-001	3.141593e+000
1.329616e-001	3.141593e+000
1.323009e-001	3.141593e+000
1.315912e-001	3.141593e+000
1.308321e-001	3.141593e+000
1.300230e-001	3.141593e+000
1.291637e-001	3.141593e+000
1.282537e-001	3.141593e+000
1.272924e-001	3.141593e+000
1.262797e-001	3.141593e+000
1.252149e-001	3.141593e+000
1.240978e-001	3.141593e+000
1.229279e-001	3.141593e+000
1.217049e-001	3.141593e+000
1.204284e-001	3.141593e+000
1.190979e-001	3.141593e+000
1.177132e-001	3.141593e+000
1.162738e-001	3.141593e+000
1.147794e-001	3.141593e+000
1.132297e-001	3.141593e+000
1.116242e-001	3.141593e+000
1.099627e-001	3.141593e+000
1.082449e-001	3.141593e+000
1.064703e-001	3.141593e+000
1.046387e-001	3.141593e+000
1.027498e-001	3.141593e+000
1.008032e-001	3.141593e+000
9.879864e-002	3.141593e+000
9.673586e-002	3.141593e+000
9.461454e-002	3.141593e+000
9.243440e-002	3.141593e+000
9.019517e-002	3.141593e+000
8.789658e-002	3.141593e+000
8.553836e-002	3.141593e+000
8.312025e-002	3.141593e+000
8.064201e-002	3.141593e+000
7.810340e-002	3.141593e+000
7.550418e-002	3.141593e+000
7.284411e-002	3.141593e+000
7.012299e-002	3.141593e+000
6.734059e-002	3.141593e+000
6.449670e-002	3.141593e+000
6.159112e-002	3.141593e+000
5.862366e-002	3.141593e+000
5.559414e-002	3.141593e+000
5.250235e-002	3.141593e+000
4.934814e-002	3.141593e+000
4.613134e-002	3.141593e+000
4.285179e-002	3.141593e+000
3.950933e-002	3.141593e+000
3.610381e-002	3.141593e+000
3.263511e-002	3.141593e+000
2.910310e-002	3.141593e+000
2.550764e-002	3.141593e+000
2.184861e-002	3.141593e+000
1.812592e-002	3.141593e+000
1.433946e-002	3.141593e+000
1.048914e-002	3.141593e+000
6.574862e-003	3.141593e+000
2.596560e-003	3.141593e+000
1.445836e-003	0.000000e+000
5.552393e-003	0.000000e+000
9.723171e-003	0.000000e+000
1.395821e-002	0.000000e+000
1.825754e-002	0.000000e+000
2.262120e-002	0.000000e+000
2.704922e-002	0.000000e+000
3.154159e-002	0.000000e+000
3.609833e-002	0.000000e+000
4.071943e-002	0.000000e+000
4.540489e-002	0.000000e+000
5.015466e-002	0.000000e+000
5.496873e-002	0.000000e+000
5.984703e-002	0.000000e+000
6.478955e-002	0.000000e+000
6.979620e-002	0.000000e+000
7.486689e-002	0.000000e+000
8.000157e-002	0.000000e+000
8.520014e-002	0.000000e+000
9.046248e-002	0.000000e+000
9.578849e-002	0.000000e+000
1.011780e-001	0.000000e+000
1.066310e-001	0.000000e+000
1.121472e-001	0.000000e+000
1.177264e-001	0.000000e+000
1.233686e-001	0.000000e+000
1.290735e-001	0.000000e+000
1.348409e-001	0.000000e+000
1.406705e-001	0.000000e+000
1.465623e-001	0.000000e+000
1.525158e-001	0.000000e+000
1.585310e-001	0.000000e+000
1.646074e-001	0.000000e+000
1.707447e-001	0.000000e+000
1.769428e-001	0.000000e+000
1.832012e-001	0.000000e+000
1.895196e-001	0.000000e+000
1.958977e-001	0.000000e+000
2.023350e-001	0.000000e+000
2.088312e-001	0.000000e+000
2.153858e-001	0.000000e+000
2.219985e-001	0.000000e+000
2.286687e-001	0.000000e+000
2.353960e-001	0.000000e+000
2.421798e-001	0.000000e+000
2.490197e-001	0.000000e+000
2.559150e-001	0.000000e+000
2.628654e-001	0.000000e+000
2.698700e-001	0.000000e+000
2.769283e-001	0.000000e+000
2.840397e-001	0.000000e+000
2.912034e-001	0.000000e+000
2.984189e-001	0.000000e+000
3.056853e-001	0.000000e+000
3.130018e-001	0.000000e+000
3.203678e-001	0.000000e+000
3.277824e-001	0.000000e+000
3.352446e-001	0.000000e+000
3.427537e-001	0.000000e+000
3.503088e-001	0.000000e+000
3.579088e-001	0.000000e+000
3.655528e-001	0.000000e+000
3.732398e-001	0.000000e+000
3.809687e-001	0.000000e+000
3.887384e-001	0.000000e+000
3.965478e-001	0.000000e+000
4.043957e-001	0.000000e+000
4.122810e-001	0.000000e+000
4.202023e-001	0.000000e+000
4.281583e-001	0.000000e+000
4.361478e-001	0.000000e+000
4.441694e-001	0.000000e+000
4.522216e-001	0.000000e+000
4.603029e-001	0.000000e+000
4.684120e-001	0.000000e+000
4.765472e-001	0.000000e+000
4.847068e-001	0.000000e+000
4.928894e-001	0.000000e+000
5.010931e-001	0.000000e+000
5.093163e-001	0.000000e+000
5.175570e-001	0.000000e+000
5.258136e-001	0.000000e+000
5.340840e-001	0.000000e+000
5.423665e-001	0.000000e+000
5.506589e-001	0.000000e+000
5.589592e-001	0.000000e+000
5.672654e-001	0.000000e+000
5.755752e-001	0.000000e+000
5.838866e-001	0.000000e+000
5.921971e-001	0.000000e+000
6.005046e-001	0.000000e+000
6.088067e-001	0.000000e+000
6.171008e-001	0.000000e+000
6.253848e-001	0.000000e+000
6.336559e-001	0.000000e+000
6.419117e-001	0.000000e+000
6.501495e-001	0.000000e+000
6.583667e-001	0.000000e+000
6.665605e-001	0.000000e+000
6.747283e-001	0.000000e+000
6.828671e-001	0.000000e+000
6.909741e-001	0.000000e+000
6.990465e-001	0.000000e+000
7.070813e-001	0.000000e+000
7.150754e-001	0.000000e+000
7.230259e-001	0.000000e+000
7.309297e-001	0.000000e+000
7.387837e-001	0.000000e+000
7.465848e-001	0.000000e+000
7.543296e-001	0.000000e+000
7.620150e-001	0.000000e+000
7.696379e-001	0.000000e+000
7.771949e-001	0.000000e+000
7.846826e-001	0.000000e+000
7.920977e-001	0.000000e+000
7.994370e-001	0.000000e+000
8.066969e-001	0.000000e+000
8.138742e-001	0.000000e+000
8.209654e-001	0.000000e+000
8.279671e-001	0.000000e+000
8.348759e-001	0.000000e+000
8.416883e-001	0.000000e+000
8.484010e-001	0.000000e+000
8.550104e-001	0.000000e+000
8.615132e-001	0.000000e+000
8.679060e-001	0.000000e+000
8.741853e-001	0.000000e+000
8.803478e-001	0.000000e+000
8.863902e-001	0.000000e+000
8.923091e-001	0.000000e+000
8.981011e-001	0.000000e+000
9.037631e-001	0.000000e+000
9.092917e-001	0.000000e+000
9.146839e-001	0.000000e+000
9.199364e-001	0.000000e+000
9.250462e-001	0.000000e+000
9.300102e-001	0.000000e+000
9.348254e-001	0.000000e+000
9.394890e-001	0.000000e+000
9.439980e-001	0.000000e+000
9.483498e-001	0.000000e+000
9.525415e-001	0.000000e+000
9.565706e-001	0.000000e+000
9.604345e-001	0.000000e+000
9.641308e-001	0.000000e+000
9.676570e-001	0.000000e+000
9.710111e-001	0.000000e+000
9.741906e-001	0.000000e+000
9.771937e-001	0.000000e+000
9.800183e-001	0.000000e+000
9.826626e-001	0.000000e+000
9.851248e-001	0.000000e+000
9.874033e-001	0.000000e+000
9.894966e-001	0.000000e+000
9.914035e-001	0.000000e+000
9.931223e-001	0.000000e+000
9.946522e-001	0.000000e+000
9.959920e-001	0.000000e+000
9.971410e-001	0.000000e+000
9.980983e-001	0.000000e+000
9.988632e-001	0.000000e+000
9.994354e-001	0.000000e+000
9.998145e-001	0.000000e+000
1.000000e+000	0.000000e+000
9.999921e-001	0.000000e+000
9.997908e-001	0.000000e+000
9.993962e-001	0.000000e+000
9.988086e-001	0.000000e+000
9.980284e-001	0.000000e+000
9.970564e-001	0.000000e+000
9.958931e-001	0.000000e+000
9.945392e-001	0.000000e+000
9.929959e-001	0.000000e+000
9.912643e-001	0.000000e+000
9.893456e-001	0.000000e+000
9.872409e-001	0.000000e+000
9.849519e-001	0.000000e+000
9.824802e-001	0.000000e+000
9.798274e-001	0.000000e+000
9.769953e-001	0.000000e+000
9.739857e-001	0.000000e+000
9.708010e-001	0.000000e+000
9.674430e-001	0.000000e+000
9.639140e-001	0.000000e+000
9.602163e-001	0.000000e+000
9.563525e-001	0.000000e+000
9.523250e-001	0.000000e+000
9.481363e-001	0.000000e+000
9.437892e-001	0.000000e+000
9.392864e-001	0.000000e+000
9.346308e-001	0.000000e+000
9.298252e-001	0.000000e+000
9.248726e-001	0.000000e+000
9.197760e-001	0.000000e+000
9.145386e-001	0.000000e+000
9.091635e-001	0.000000e+000
9.036537e-001	0.000000e+000
8.980126e-001	0.000000e+000
8.922435e-001	0.000000e+000
8.863496e-001	0.000000e+000
8.803342e-001	0.000000e+000
8.742008e-001	0.000000e+000
8.679527e-001	0.000000e+000
8.615934e-001	0.000000e+000
8.551261e-001	0.000000e+000
8.485545e-001	0.000000e+000
8.418819e-001	0.000000e+000
8.351117e-001	0.000000e+000
8.282475e-001	0.000000e+000
8.212926e-001	0.000000e+000
8.142506e-001	0.000000e+000
8.071247e-001	0.000000e+000
7.999185e-001	0.000000e+000
7.926354e-001	0.000000e+000
7.852787e-001	0.000000e+000
7.778518e-001	0.000000e+000
7.703581e-001	0.000000e+000
7.628008e-001	0.000000e+000
7.551832e-001	0.000000e+000
7.475087e-001	0.000000e+000
7.397804e-001	0.000000e+000
7.320015e-001	0.000000e+000
7.241751e-001	0.000000e+000
7.163044e-001	0.000000e+000
7.083925e-001	0.000000e+000
7.004424e-001	0.000000e+000
6.924570e-001	0.000000e+000
6.844392e-001	0.000000e+000
6.763922e-001	0.000000e+000
6.683186e-001	0.000000e+000
6.602212e-001	0.000000e+000
6.521028e-001	0.000000e+000
6.439662e-001	0.000000e+000
6.358140e-001	0.000000e+000
6.276487e-001	0.000000e+000
6.194729e-001	0.000000e+000
6.112891e-001	0.000000e+000
6.030999e-001	0.000000e+000
5.949074e-001	0.000000e+000
5.867143e-001	0.000000e+000
5.785226e-001	0.000000e+000
5.703347e-001	0.000000e+000
5.621526e-001	0.000000e+000
5.539787e-001	0.000000e+000
5.458149e-001	0.000000e+000
5.376633e-001	0.000000e+000
5.295258e-001	0.000000e+000
5.214045e-001	0.000000e+000
5.133011e-001	0.000000e+000
5.052176e-001	0.000000e+000
4.971555e-001	0.000000e+000
4.891168e-001	0.000000e+000
4.811031e-001	0.000000e+000
4.731160e-001	0.000000e+000
4.651570e-001	0.000000e+000
4.572278e-001	0.000000e+000
4.493299e-001	0.000000e+000
4.414647e-001	0.000000e+000
4.336335e-001	0.000000e+000
4.258377e-001	0.000000e+000
4.180788e-001	0.000000e+000
4.103579e-001	0.000000e+000
4.026762e-001	0.000000e+000
3.950350e-001	0.000000e+000
3.874354e-001	0.000000e+000
3.798785e-001	0.000000e+000
3.723654e-001	0.000000e+000
3.648972e-001	0.000000e+000
3.574748e-001	0.000000e+000
3.500992e-001	0.000000e+000
3.427714e-001	0.000000e+000
3.354921e-001	0.000000e+000
3.282624e-001	0.000000e+000
3.210830e-001	0.000000e+000
3.139547e-001	0.000000e+000
3.068783e-001	0.000000e+000
2.998546e-001	0.000000e+000
2.928842e-001	0.000000e+000
2.859678e-001	0.000000e+000
2.791061e-001	0.000000e+000
2.722996e-001	0.000000e+000
2.655492e-001	0.000000e+000
2.588551e-001	0.000000e+000
2.522180e-001	0.000000e+000
2.456386e-001	0.000000e+000
2.391171e-001	0.000000e+000
2.326542e-001	0.000000e+000
2.262502e-001	0.000000e+000
2.199057e-001	0.000000e+000
2.136210e-001	0.000000e+000
2.073964e-001	0.000000e+000
2.012325e-001	0.000000e+000
1.951295e-001	0.000000e+000
1.890877e-001	0.000000e+000
1.831075e-001	0.000000e+000
1.771892e-001	0.000000e+000
1.713330e-001	0.000000e+000
1.655393e-001	0.000000e+000
1.598082e-001	0.000000e+000
1.541400e-001	0.000000e+000
1.485349e-001	0.000000e+000
1.429931e-001	0.000000e+000
1.375148e-001	0.000000e+000
1.321001e-001	0.000000e+000
1.267492e-001	0.000000e+000
1.214623e-001	0.000000e+000
1.162395e-001	0.000000e+000
1.110808e-001	0.000000e+000
1.059865e-001	0.000000e+000
1.009565e-001	0.000000e+000
9.599105e-002	0.000000e+000
9.109007e-002	0.000000e+000
8.625369e-002	0.000000e+000
8.148194e-002	0.000000e+000
7.677485e-002	0.000000e+000
7.213245e-002	0.000000e+000
6.755474e-002	0.000000e+000
6.304175e-002	0.000000e+000
5.859343e-002	0.000000e+000
5.420979e-002	0.000000e+000
4.989080e-002	0.000000e+000
4.563642e-002	0.000000e+000
4.144660e-002	0.000000e+000
3.732128e-002	0.000000e+000
3.326041e-002	0.000000e+000
2.926391e-002	0.000000e+000
2.533170e-002	0.000000e+000
2.146367e-002	0.000000e+000
1.765975e-002	0.000000e+000
1.391982e-002	0.000000e+000
1.024375e-002	0.000000e+000
6.631436e-003	0.000000e+000
3.082742e-003	0.000000e+000
4.024710e-004	3.141593e+000
3.824356e-003	3.141593e+000
7.183069e-003	3.141593e+000
1.047876e-002	3.141593e+000
1.371161e-002	3.141593e+000
1.688180e-002	3.141593e+000
1.998951e-002	3.141593e+000
2.303492e-002	3.141593e+000
2.601825e-002	3.141593e+000
2.893969e-002	3.141593e+000
3.179947e-002	3.141593e+000
3.459780e-002	3.141593e+000
3.733491e-002	3.141593e+000
4.001103e-002	3.141593e+000
4.262641e-002	3.141593e+000
4.518130e-002	3.141593e+000
4.767594e-002	3.141593e+000
5.011060e-002	3.141593e+000
5.248556e-002	3.141593e+000
5.480108e-002	3.141593e+000
5.705744e-002	3.141593e+000
5.925494e-002	3.141593e+000
6.139388e-002	3.141593e+000
6.347454e-002	3.141593e+000
6.549723e-002	3.141593e+000
6.746228e-002	3.141593e+000
6.937001e-002	3.141593e+000
7.122073e-002	3.141593e+000
7.301477e-002	3.141593e+000
7.475249e-002	3.141593e+000
7.643423e-002	3.141593e+000
7.806033e-002	3.141593e+000
7.963114e-002	3.141593e+000
8.114704e-002	3.141593e+000
8.260839e-002	3.141593e+000
8.401557e-002	3.141593e+000
8.536895e-002	3.141593e+000
8.666892e-002	3.141593e+000
8.791588e-002	3.141593e+000
8.911021e-002	3.141593e+000
9.025232e-002	3.141593e+000
9.134261e-002	3.141593e+000
9.238151e-002	3.141593e+000
9.336943e-002	3.141593e+000
9.430679e-002	3.141593e+000
9.519402e-002	3.141593e+000
9.603155e-002	3.141593e+000
9.681981e-002	3.141593e+000
9.755924e-002	3.141593e+000
9.825032e-002	3.141593e+000
9.889351e-002	3.141593e+000
9.948926e-002	3.141593e+000
1.000381e-001	3.141593e+000
1.005403e-001	3.141593e+000
1.009964e-001	3.141593e+000
1.014068e-001	3.141593e+000
1.017720e-001	3.141593e+000
1.020927e-001	3.141593e+000
1.023695e-001	3.141593e+000
1.026030e-001	3.141593e+000
1.027939e-001	3.141593e+000
1.029419e-001	3.141593e+000
1.030468e-001	3.141593e+000
1.031084e-001	3.141593e+000
1.031273e-001	3.141593e+000
1.031063e-001	3.141593e+000
1.030487e-001	3.141593e+000
1.029576e-001	3.141593e+000
1.028335e-001	3.141593e+000
1.026684e-001	3.141593e+000
1.024529e-001	3.141593e+000
1.021774e-001	3.141593e+000
1.018418e-001	3.141593e+000
1.014778e-001	3.141593e+000
1.011233e-001	3.141593e+000
1.008164e-001	3.141593e+000
1.005951e-001	3.141593e+000
1.004974e-001	3.141593e+000
1.005613e-001	3.141593e+000
1.008250e-001	3.141593e+000